0 0.03046875 0.5203125 0.06015625 0.39921875
0 0.0875 0.5296875 0.078125 0.409375
0 0.1453125 0.5390625 0.06640625 0.38515625
0 0.20546875 0.53125 0.0625 0.4171875
0 0.26953125 0.52734375 0.07265625 0.3890625
0 0.39375 0.52734375 0.03984375 0.39453125
0 0.4375 0.53359375 0.0453125 0.39140625
0 0.4859375 0.52421875 0.0515625 0.38984375
0 0.5265625 0.52890625 0.05390625 0.3796875
0 0.571875 0.525 0.046875 0.37421875
0 0.62578125 0.51953125 0.05859375 0.38125
0 0.671875 0.52265625 0.06171875 0.39765625
0 0.72421875 0.52890625 0.05546875 0.375
0 0.77890625 0.52421875 0.0765625 0.384375
0 0.85234375 0.53125 0.0796875 0.3984375
0 0.940625 0.51796875 0.09296875 0.43828125
1 0.34140625 0.52734375 0.07578125 0.40078125
1 0.909375 0.37578125 0.034375 0.18125
1 0.834375 0.3421875 0.04609375 0.1109375
1 0.81640625 0.28046875 0.08671875 0.12109375
1 0.734375 0.28359375 0.0890625 0.10390625
1 0.64453125 0.27578125 0.08984375 0.103125
1 0.559375 0.27421875 0.0828125 0.125
1 0.47109375 0.28203125 0.08828125 0.103125
1 0.3875 0.2859375 0.07890625 0.096875
1 0.3078125 0.27734375 0.0828125 0.09765625
1 0.04609375 0.29296875 0.0921875 0.1328125
1 0.2234375 0.278125 0.08671875 0.10234375
1 0.1375 0.28125 0.08671875 0.128125